Т40 22031498 32 1 4.772784445055927E-307
Т40 22133754 32 1 4.639279928665663E-307
Т40 22138166 32 1 4.394521719350039E-307
Т40 22168370 32 1 4.283268026424679E-307
Т40 21738000 32 1 4.772784445055927E-307
Т40 17406000 32 1 4.194265156964223E-307
Т40 16977000 32 1 4.772784445055927E-307
Т40 11950000 32 1 4.216515980429126E-307
Т40 10737000 32 1 4.772784445055927E-307
Т40 6397000 32 1 4.23876680389403E-307
Т40 5358000 32 1 4.772784445055927E-307
Т40 937000 32 1 4.194265156964223E-307
Т40 85570000 32 1 4.283268026424679E-307
Т40 85050000 32 1 4.772784445055927E-307
Т40 76297000 32 1 4.639279928665663E-307
Т40 75950000 32 1 4.772784445055927E-307
Т40 51271000 32 1 4.772784445055927E-307
Т40 22420188 32 1 4.216515980429126E-307
Т40 22533202 32 1 4.305518849889583E-307
Т40 22535239 32 1 4.216515980429126E-307
Т57 22032601 32 1 2.147196825178355E-307
Т57 21711000 32 1 2.147196825178355E-307
Т57 19286000 32 1 2.3363282410811935E-308
Т57 17205000 32 1 2.258450518103715E-307
Т57 14253000 32 1 1.5575523375537783E-308
Т57 11657000 32 1 2.1694474364436795E-307
Т57 8363000 32 1 2.3363282410811935E-308
Т57 6110000 32 1 2.2139488711739077E-307
Т57 2818000 32 1 2.002566950105534E-308
Т57 42000 32 1 2.436456257024628E-307
Т57 85022000 32 1 2.080444566983223E-307
Т57 83463000 32 1 2.002566950105534E-308
Т57 81380000 32 1 2.0136923087880913E-307
Т57 78428000 32 1 2.3363282410811935E-308
Т57 76351000 32 1 2.080444566983223E-307
Т57 72545000 32 1 1.5575523375537783E-308
Т57 51201000 32 1 2.3363282410811935E-308
Т57 22419594 32 1 2.3029519528339433E-307
Т58 22032622 32 1 2.080444566983223E-307
Т58 21543000 32 1 2.080444566983223E-307
Т58 19805000 32 1 1.5575523375537783E-308
Т58 17379000 32 1 2.0136923087880913E-307
Т58 13743000 32 1 2.3363282410811935E-308
Т58 10624000 32 1 2.080444566983223E-307
Т58 7848000 32 1 2.002566950105534E-308
Т58 5249000 32 1 2.080444566983223E-307
Т58 2823000 32 1 1.5575523375537783E-308
Т58 85028000 32 1 1.9914414853231876E-307
Т58 83467000 32 1 2.002566950105534E-308
Т58 81386000 32 1 1.969190874057863E-307
Т58 78092000 32 1 2.3363282410811935E-308
Т58 75842000 32 1 1.969190874057863E-307
Т58 72891000 32 1 2.002566950105534E-308
Т58 51138000 32 1 2.3363282410811935E-308
Т58 22422330 32 1 3.2263577314341793E-308
Т58 22446765 32 1 6.5620109339403035E-304
Т58 22486134 32 1 3.0038502925335644E-308
28521